image_width: 752
image_height: 480
camera_name: narrow_stereo/left
camera_matrix:
  rows: 3
  cols: 3
  data: [461.45666,   0.     , 364.35977,
           0.     , 460.19502, 249.31317,
           0.     ,   0.     ,   1.     ]
distortion_model: plumb_bob
distortion_coefficients:
  rows: 1
  cols: 5
  data: [-0.292081, 0.082722, 0.000190, -0.000076, 0.000000]
rectification_matrix:
  rows: 3
  cols: 3
  data: [ 0.99998634, -0.00148348, -0.00501188,
          0.00152919,  0.99995716,  0.00912909,
          0.00499813, -0.00913663,  0.99994577]
projection_matrix:
  rows: 3
  cols: 4
  data: [437.86901,   0.     , 375.54622,   0.     ,
           0.     , 437.86901, 256.51072,   0.     ,
           0.     ,   0.     ,   1.     ,   0.     ]
