# oST version 5.0 parameters


[image]

width
752

height
480

[narrow_stereo/left]

camera matrix
461.456662 0.000000 364.359774
0.000000 460.195022 249.313172
0.000000 0.000000 1.000000

distortion
-0.292081 0.082722 0.000190 -0.000076 0.000000

rectification
0.999986 -0.001483 -0.005012
0.001529 0.999957 0.009129
0.004998 -0.009137 0.999946

projection
437.869015 0.000000 375.546219 0.000000
0.000000 437.869015 256.510719 0.000000
0.000000 0.000000 1.000000 0.000000
# oST version 5.0 parameters


[image]

width
752

height
480

[narrow_stereo/right]

camera matrix
460.539534 0.000000 373.613270
0.000000 459.500223 254.301224
0.000000 0.000000 1.000000

distortion
-0.288338 0.078489 -0.000242 0.000124 0.000000

rectification
0.999909 -0.003822 -0.012958
0.003703 0.999951 -0.009157
0.012992 0.009108 0.999874

projection
437.869015 0.000000 375.546219 -47.975507
0.000000 437.869015 256.510719 0.000000
0.000000 0.000000 1.000000 0.000000
