# oST version 5.0 parameters


[image]

width
752

height
480

[narrow_stereo/left]

camera matrix
463.140473 0.000000 364.090824
0.000000 464.699459 244.335436
0.000000 0.000000 1.000000

distortion
-0.266229 0.062287 0.000196 0.000138 0.000000

rectification
0.847512 0.061195 -0.527236
-0.059214 0.998032 0.020655
0.527463 0.013714 0.849468

projection
540.533042 0.000000 1549.045631 0.000000
0.000000 540.533042 247.907921 0.000000
0.000000 0.000000 1.000000 0.000000
# oST version 5.0 parameters


[image]

width
752

height
480

[narrow_stereo/right]

camera matrix
464.160900 0.000000 370.831199
0.000000 466.993387 254.052719
0.000000 0.000000 1.000000

distortion
-0.264726 0.061119 -0.000301 0.000186 0.000000

rectification
0.847425 0.042137 -0.529240
-0.044125 0.998987 0.008883
0.529078 0.015825 0.848426

projection
540.533042 0.000000 1549.045631 -60.345041
0.000000 540.533042 247.907921 0.000000
0.000000 0.000000 1.000000 0.000000
