image_width: 752
image_height: 480
camera_name: narrow_stereo/right
camera_matrix:
  rows: 3
  cols: 3
  data: [460.53953,   0.     , 373.61327,
           0.     , 459.50022, 254.30122,
           0.     ,   0.     ,   1.     ]
distortion_model: plumb_bob
distortion_coefficients:
  rows: 1
  cols: 5
  data: [-0.288338, 0.078489, -0.000242, 0.000124, 0.000000]
rectification_matrix:
  rows: 3
  cols: 3
  data: [ 0.99990874, -0.00382163, -0.01295751,
          0.00370313,  0.99995122, -0.00915709,
          0.01299187,  0.00910827,  0.99987412]
projection_matrix:
  rows: 3
  cols: 4
  data: [437.86901,   0.     , 375.54622, -47.97551,
           0.     , 437.86901, 256.51072,   0.     ,
           0.     ,   0.     ,   1.     ,   0.     ]
